 TL: 0.008433756729740645 0.8952324865405187 0.107
 TR: 0.971 0.0083 0.0207
 TM: 0.3926987298107781 0.563102540378444 0.012499999999999959

 YL: 0.0 0.0 0.0
 YR: 0.0 0.0 0.0
 YM: 0.0 0.0 0.0

 L: 0.9685675134594813 8.649730810374179E-4 0.0517

 X: 0.0088 0.9715 0.0132 0.0066