 TL: 0.00429361269508953 0.5507127746098213 0.5277106781186547
 TR: 0.8069106781186549 0.012199999999999978 0.18088932188134527
 TM: 0.4076324865405187 0.5588350269189628 0.012399999999999946

 YL: 0.0 0.0 0.0
 YR: 0.0 0.0 0.0
 YM: 0.0 0.0 0.0

 L: 0.9829136847124154 0.015572630575169812 0.048155339059327396

 X: 0.17262582724254474 0.7700806888776343 0.05171135872234947 0.005582125157471492