 TL: 0.01215985596534889 0.6399802880693024 0.42001067811865467
 TR: 0.9376106781186548 0.01569999999999999 0.04678932188134526
 TM: 0.3681324865405187 0.5984350269189629 0.012299999999999955

 YL: 0.0 0.0 0.0
 YR: 0.0 0.0 0.0
 YM: 0.0 0.0 0.0

 L: 0.9891012701892221 0.017897459621556106 0.024700000000000024

 X: 0.19021489311667927 0.6472511870154102 0.16098183695332263 0.0014520829145878555