 TL: 0.01215985596534889 0.6399802880693024 0.42001067811865467
 TR: 0.9376106781186548 0.015699999999999992 0.04678932188134526
 TM: 0.3681324865405187 0.5984350269189628 0.012299999999999964

 YL: 0.0 0.0 0.0
 YR: 0.0 0.0 0.0
 YM: 0.0 0.0 0.0

 L: 0.9891012701892221 0.017897459621556106 0.024700000000000024

 X: 0.1759453060799327 0.6458180634610725 0.17785248195418607 2.841485048088257E-4