 TL: 3.3375672974064567E-4 0.8438324865405187 0.1664
 TR: 0.5370466094067259 0.0067 0.45625339059327363
 TM: 0.7006687836487036 0.3450624327025935 0.007100000000000008

 YL: 0.0 0.0 0.0
 YR: 0.0 0.0 0.0
 YM: 0.0 0.0 0.0

 L: 0.9943228525188089 0.0254649730810374 0.0014446609406726443

 X: 0.007232932488869002 0.975594903402595 0.012692743587462536 0.004479420521073552