 TL: 2.583456530877194E-4 0.67697263057517 0.36951067811865473
 TR: 0.8075017364045384 1.7517095361366838E-4 0.20716601717798216
 TM: 0.36309872981077806 0.5726025403784443 0.032599999999999935

 YL: 0.0 0.0 0.0
 YR: 0.0 0.0 0.0
 YM: 0.0 0.0 0.0

 L: 0.9972474414421559 0.012205117115688509 0.0477553390593274

 X: 0.03388601081849005 0.9466002336527621 0.015832684576947167 0.0036810709518005098