 TL: 2.583456530877194E-4 0.67697263057517 0.36951067811865473
 TR: 0.9842784317011755 1.7517095361366838E-4 0.030389321881345292
 TM: 0.5997012701892219 0.39939745962155637 0.0326

 YL: 0.0 0.0 0.0
 YR: 0.0 0.0 0.0
 YM: 0.0 0.0 0.0

 L: 0.9972474414421559 0.012205117115688509 0.0477553390593274

 X: 0.08265818159141691 0.9026340318703445 0.008901245450438584 0.005806541087800066